1 2 2
1 3 3
1 4 4
1 5 5
1 5 5
1 6 6
1 7 7
1 8 8
1 9 9
1 7 3
1 3 3
1 7 7
1 10 10
1 11 11
1 9 9
1 12 12
1 13 13
1 3 3
1 4 11
1 14 14
1 15 15
1 7 16
1 9 17
1 5 5
1 4 4
1 18 18
1 9 9
1 19 3
1 4 4
1 4 6
1 20 21
1 3 3
1 4 4
1 16 16
1 22 22
1 4 7
1 7 3
1 4 14
1 7 4
1 6 6
1 3 3
1 3 3
1 4 4
1 23 23
1 4 4
1 4 7
1 24 24
1 25 25
1 26 26
1 27 27
1 7 7
1 7 3
1 4 4
1 4 4
1 9 9
1 4 4
1 3 3
1 14 14
1 7 7
1 28 29
1 24 15
1 7 3
1 9 9
1 3 3
1 7 7
1 30 16
1 31 20
1 3 3
1 7 7
1 7 7
1 22 22
1 32 9
1 16 16
1 9 9
1 7 7
1 24 24
1 22 22
1 4 4
1 16 3
1 16 16
1 33 33
1 33 33
1 31 20
1 7 7
1 4 4
1 4 7
1 7 34
1 28 2
1 3 3
1 7 7
1 22 22
1 28 35
1 3 11
1 32 32
1 23 14
1 5 5
1 3 3
1 22 22
1 9 24
1 22 16
1 4 4
1 36 24
1 4 37
1 4 7
1 31 20
1 38 38
1 39 39
1 7 3
1 4 4
1 4 40
1 22 22
1 9 9
1 3 3
1 7 7
1 4 4
1 7 3
1 6 6
1 24 24
1 14 14
1 31 20
1 28 41
1 7 11
1 11 11
1 4 4
1 9 4
1 20 20
1 42 24
1 43 44
1 7 22
1 4 4
1 4 4
1 5 45
1 3 3
1 4 4
1 46 47
1 4 7
1 4 4
1 24 24
1 4 13
1 48 48
1 16 16
1 32 32
1 15 15
1 49 49
1 50 26
1 28 29
1 20 11
1 7 22
1 51 51
1 48 48
1 7 7
1 4 4
1 7 7
1 4 11
1 4 4
1 7 4
1 9 9
1 6 6
1 3 3
1 4 4
1 22 22
1 4 4
1 4 4
1 4 4
1 4 4
1 51 51
1 3 3
1 24 24
1 3 3
1 3 3
1 3 3
1 7 52
1 23 23
1 4 4
1 4 4
1 7 4
1 7 20
1 51 51
1 4 4
1 7 7
1 7 5
1 14 14
1 4 4
1 22 22
1 22 22
1 10 10
1 36 36
1 49 49
1 50 50
1 4 4
1 7 7
1 51 51
1 5 5
1 4 4
1 24 24
1 53 31
1 19 19
1 13 13
1 6 6
1 7 7
1 5 5
1 3 3
1 4 4
1 4 54
1 4 4
1 26 26
1 7 14
1 4 4
1 5 5
1 7 3
1 3 3
1 28 9
1 4 4
1 14 14
1 9 9
1 7 7
1 9 55
1 7 7
1 11 11
1 3 3
1 7 7
1 4 4
